run_type elpot
coord points
fraglib_path .

fragment mol1_64_s
   0.01728    -0.01202     0.01300
  -0.65242    -0.74182    -0.27540
  -0.56782     0.91228    -0.16060
fragment water
   2.25718     1.45248    -2.37820
   2.31878     2.19188    -1.78990
   2.58018     1.66498    -3.24110
fragment water
  -1.48022    -2.65962    -0.15170
  -1.75212    -2.22202    -0.92950
  -0.57942    -2.91312    -0.34150
fragment water
  -0.91452    -1.77692     2.54950
  -0.15172    -1.49792     2.05690
  -1.76832    -1.51962     2.26340
fragment water
   1.53158    -1.66512    -2.56320
   1.41058    -1.09422    -1.78180
   2.22358    -1.20672    -2.96370
fragment water
   2.20698     1.68298     0.58260
   3.03928     1.55298     0.21920
   1.57188     1.20158    -0.00110
fragment water
  -2.65502     0.01598    -1.25560
  -2.79782     0.40318    -0.42570
  -2.04492     0.64598    -1.64140
fragment water
  -2.33102    -2.38542     2.45030
  -2.01232    -3.28392     2.75210
  -3.11042    -2.76482     1.98980
