run_type elpot
coord points
fraglib_path .

fragment mol1_86_s
  -0.05806    -0.01212    -0.00140
  -0.77856    -0.82782    -0.14670
  -0.38626     1.08678    -0.03410
fragment water
   2.23364     1.39118     2.62360
   1.68714     1.95438     3.19320
   2.78964     2.06178     2.17250
fragment water
  -1.54456     2.70578    -0.20290
  -1.95526     3.21948    -0.90450
  -0.71156     2.53008    -0.64130
fragment water
  -0.86606    -1.92332     2.28910
  -0.36846    -1.35882     1.70740
  -1.71996    -1.73662     1.94940
fragment water
   1.60494    -1.70412    -2.65810
   1.26974    -1.12622    -1.95870
   2.37414    -1.29022    -2.93100
fragment water
   2.17304     1.59138     0.57130
   2.91364     1.63488     0.04680
   1.54714     1.27608    -0.10750
fragment water
   2.54654     0.13538    -1.26020
   2.52454     0.50158    -0.41410
   3.11344     0.71098    -1.74570
fragment water
  -2.23566    -2.22972     2.58190
  -1.97486    -2.98282     3.11150
  -3.10786    -2.42282     2.27850
