run_type elpot
coord points
fraglib_path .

fragment mol1_63_s
   0.02068    -0.01160     0.01380
  -0.64972    -0.74450    -0.28070
  -0.57672     0.91230    -0.16570
fragment water
   2.25808     1.45550    -2.35650
   2.35278     2.20450    -1.77480
   2.56848     1.64800    -3.23660
fragment water
  -1.47682    -2.65490    -0.14910
  -1.74482    -2.21730    -0.93940
  -0.57952    -2.91180    -0.32840
fragment water
  -0.91742    -1.76990     2.56160
  -0.14542    -1.50590     2.07540
  -1.76232    -1.50720     2.27420
fragment water
   1.52948    -1.66200    -2.55880
   1.40938    -1.10120    -1.77690
   2.21428    -1.20990    -2.96900
fragment water
   2.20898     1.68720     0.58150
   3.04158     1.55280     0.23880
   1.57498     1.20380     0.01310
fragment water
  -2.64232     0.01200    -1.25540
  -2.79652     0.39050    -0.42600
  -2.03592     0.63180    -1.63960
fragment water
  -2.33602    -2.39430     2.44440
  -2.00972    -3.27650     2.73510
  -3.09872    -2.76230     1.97760
