run_type elpot
coord points
fraglib_path .

fragment mol1_79_s
  -0.03520     0.00312     0.00090
  -0.77480    -0.84528    -0.21810
  -0.42510     1.03142    -0.06950
fragment water
   2.23880     1.41462    -2.69930
   1.84480     2.09622    -2.04430
   2.77800     1.99842    -3.35430
fragment water
  -1.52510    -2.72248    -0.18260
  -1.91610    -2.18768    -0.96970
  -0.64520    -2.91648    -0.54830
fragment water
  -0.87990    -1.86828     2.37280
  -0.28160    -1.35898     1.77430
  -1.76910    -1.65128     2.04380
fragment water
   1.57160    -1.68618    -2.62600
   1.35370    -1.08988    -1.91780
   2.38510    -1.19128    -2.95100
fragment water
   2.17390     1.63062     0.58000
   3.00440     1.59262     0.01000
   1.61060     1.27782    -0.07370
fragment water
   2.62960     0.10282    -1.26370
   2.58640     0.54492    -0.36760
   3.21450     0.73252    -1.68700
fragment water
  -2.26580    -2.26668     2.53940
  -2.03870    -3.06078     2.95890
  -3.10010    -2.56848     2.21690
